2 0.296875 0.7953125 0.08671875 0.103515625
2 0.33203125 0.6234375 0.048828125 0.06015625
2 0.3171875 0.528125 0.02578125 0.046875
2 0.3484375 0.53671875 0.030859375 0.054296875
2 0.62421875 0.640625 0.039453125 0.056640625
2 0.6390625 0.709375 0.04453125 0.08203125
2 0.6875 0.79921875 0.074609375 0.1125
2 0.475 0.46640625 0.019140625 0.044921875
2 0.375 0.45703125 0.00859375 0.03046875
2 0.38671875 0.42109375 0.0125 0.028125
2 0.40859375 0.41875 0.009375 0.028515625
2 0.42734375 0.41171875 0.00703125 0.0265625
2 0.48125 0.41484375 0.008984375 0.0265625
2 0.4859375 0.37578125 0.01015625 0.020703125