2 0.2140625 0.95625 0.11015625 0.0875
2 0.73359375 0.946875 0.07734375 0.10546875
2 0.67421875 0.821875 0.075 0.121484375
2 0.646875 0.7171875 0.0609375 0.0875
2 0.284375 0.68515625 0.065234375 0.082421875
2 0.31484375 0.559375 0.03671875 0.05
2 0.28125 0.546875 0.033984375 0.04921875
2 0.45859375 0.48203125 0.025 0.053125
2 0.38984375 0.415625 0.0109375 0.030859375
2 0.36796875 0.415625 0.011328125 0.025
2 0.409375 0.409375 0.012109375 0.028125
2 0.46875 0.409375 0.009375 0.025
2 0.471875 0.365625 0.01171875 0.01640625