2 0.3515625 0.546875 0.034765625 0.03828125
2 0.54765625 0.56484375 0.02578125 0.0765625
2 0.7828125 0.903125 0.152734375 0.193359375
2 0.86484375 0.515625 0.14375 0.23671875
2 0.6421875 0.46328125 0.049609375 0.117578125
2 0.5375 0.44765625 0.03046875 0.07109375
2 0.48984375 0.44296875 0.01796875 0.06953125
2 0.58359375 0.35546875 0.02734375 0.071875
2 0.5125 0.3671875 0.016015625 0.04765625
2 0.62734375 0.271875 0.023046875 0.05
2 0.65546875 0.27421875 0.0203125 0.040625
2 0.9375 0.27265625 0.09453125 0.145703125