2 0.3515625 0.546875 0.034765625 0.03828125
2 0.54765625 0.56484375 0.026171875 0.0765625
2 0.7828125 0.903125 0.15234375 0.19296875
2 0.86484375 0.515625 0.14375 0.2359375
2 0.6421875 0.46328125 0.049609375 0.117578125
2 0.5375 0.44765625 0.030859375 0.070703125
2 0.48984375 0.44296875 0.017578125 0.069921875
2 0.58359375 0.35546875 0.026953125 0.071875
2 0.5125 0.3671875 0.01640625 0.0484375
2 0.62734375 0.271875 0.023046875 0.05
2 0.65546875 0.27421875 0.0203125 0.040625
2 0.9375 0.27265625 0.0953125 0.14609375