6 0.53671875 0.378125 0.03984375 0.06953125
2 0.62265625 0.4359375 0.0140625 0.025
2 0.68203125 0.4078125 0.015625 0.02265625
2 0.9296875 0.615625 0.02265625 0.068359375
2 0.07421875 0.40859375 0.01875 0.021875
2 0.0703125 0.396875 0.01875 0.01953125
2 0.0609375 0.44296875 0.02265625 0.03046875
2 0.02734375 0.41640625 0.01875 0.021875
2 0.096875 0.38828125 0.01328125 0.01796875
2 0.1109375 0.39296875 0.0125 0.01953125
2 0.128125 0.3921875 0.01328125 0.01796875
2 0.034375 0.434375 0.0140625 0.0265625
2 0.80390625 0.478125 0.019921875 0.030859375