2 0.5015625 0.39609375 0.028515625 0.046875
2 0.6625 0.409375 0.03125 0.040625
2 0.69296875 0.45 0.0375 0.053125
2 0.68203125 0.390625 0.01953125 0.034375
2 0.759375 0.32578125 0.03125 0.04609375
2 0.76953125 0.4578125 0.038671875 0.059375
2 0.9015625 0.3828125 0.04765625 0.071484375
2 0.9609375 0.35859375 0.047265625 0.058203125
6 0.0890625 0.2890625 0.121875 0.121875
6 0.36328125 0.29921875 0.090625 0.129296875
6 0.8703125 0.31796875 0.152734375 0.155078125
6 0.59765625 0.38984375 0.044921875 0.082421875