1 0.190625 0.68828125 0.078515625 0.115625
2 0.19296875 0.903125 0.107421875 0.118359375
2 0.28125 0.7125 0.06171875 0.078125
2 0.50078125 0.80390625 0.046875 0.094921875
2 0.584375 0.60546875 0.034375 0.05859375
2 0.55859375 0.56015625 0.03125 0.0625
2 0.4875 0.5171875 0.02734375 0.0515625
2 0.3953125 0.515625 0.03359375 0.053125
2 0.62109375 0.32890625 0.04765625 0.078125
2 0.45390625 0.42421875 0.01875 0.0484375
2 0.42421875 0.403125 0.014453125 0.021484375
2 0.27421875 0.40078125 0.01796875 0.0375
1 0.57109375 0.21953125 0.034375 0.09453125