0 0.528125 0.47421875 0.041015625 0.070703125
0 0.45078125 0.49609375 0.03203125 0.05546875
0 0.35078125 0.46484375 0.042578125 0.057421875
0 0.1109375 0.4015625 0.0328125 0.0359375
0 0.14140625 0.4171875 0.02734375 0.0234375
2 0.1796875 0.68203125 0.02890625 0.071875
2 0.11953125 0.73984375 0.045703125 0.090625
2 0.01640625 0.696875 0.0328125 0.08046875
2 0.0734375 0.6546875 0.04375 0.07265625
2 0.14375 0.628125 0.037109375 0.0625
2 0.2125 0.63046875 0.03515625 0.06640625
2 0.08828125 0.58046875 0.034375 0.05546875
2 0.01796875 0.59140625 0.035546875 0.0640625