6 0.16640625 0.740625 0.3328125 0.518359375
2 0.03359375 0.44609375 0.0546875 0.058203125
2 0.06796875 0.4171875 0.0328125 0.04296875
2 0.02890625 0.52109375 0.05625 0.058203125
2 0.253125 0.446875 0.03046875 0.075
2 0.146875 0.34609375 0.01875 0.04453125
2 0.278125 0.415625 0.015625 0.0515625
2 0.2875 0.403125 0.009765625 0.04921875
2 0.31171875 0.43046875 0.02421875 0.0359375
2 0.3625 0.43359375 0.01953125 0.0640625
2 0.3921875 0.409375 0.01640625 0.053125
2 0.3328125 0.39765625 0.0140625 0.040625
2 0.5375 0.43125 0.02578125 0.05703125
2 0.6046875 0.496875 0.037890625 0.083984375
2 0.75234375 0.42578125 0.026171875 0.0265625
2 0.4703125 0.40625 0.015234375 0.046484375
2 0.4859375 0.4171875 0.0140625 0.04609375