6 0.64609375 0.7609375 0.194921875 0.475390625
6 0.77890625 0.56796875 0.07109375 0.16875
2 0.2109375 0.67109375 0.040234375 0.0890625
2 0.03828125 0.8609375 0.0765625 0.178125
2 0.44609375 0.6828125 0.035546875 0.090625
2 0.184375 0.64140625 0.03203125 0.080078125
2 0.08125 0.5390625 0.01484375 0.025
2 0.05546875 0.54375 0.0171875 0.031640625
2 0.0875 0.49921875 0.01484375 0.0265625
2 0.11015625 0.5015625 0.013671875 0.025
6 0.98828125 0.471875 0.021875 0.0234375
6 0.96484375 0.471875 0.017578125 0.02421875