6 0.64609375 0.7609375 0.19453125 0.47578125
6 0.77890625 0.56796875 0.070703125 0.16875
2 0.2109375 0.67109375 0.040234375 0.0890625
2 0.03828125 0.8609375 0.0765625 0.178125
2 0.44609375 0.6828125 0.03515625 0.090625
2 0.184375 0.64140625 0.0328125 0.08046875
2 0.08125 0.5390625 0.01484375 0.025
2 0.05546875 0.54375 0.0171875 0.03203125
2 0.0875 0.49921875 0.015234375 0.0265625
2 0.11015625 0.5015625 0.01328125 0.025
6 0.98828125 0.471875 0.021875 0.02421875
6 0.96484375 0.471875 0.01796875 0.0234375