6 0.075 0.384375 0.15 0.26015625
6 0.2203125 0.46328125 0.2390625 0.35703125
6 0.44140625 0.525 0.24453125 0.4328125
6 0.9046875 0.52109375 0.190234375 0.385546875
2 0.66328125 0.40078125 0.03203125 0.0625
2 0.7765625 0.56640625 0.065625 0.09453125
2 0.75234375 0.490625 0.048828125 0.07421875
2 0.796875 0.47421875 0.04375 0.079296875
2 0.753125 0.37421875 0.031640625 0.0515625
6 0.44765625 0.2171875 0.021875 0.043359375
6 0.4703125 0.2140625 0.01953125 0.03046875
6 0.42578125 0.215625 0.0171875 0.028125