6 0.503125 0.60078125 0.22421875 0.26015625
6 0.66015625 0.6859375 0.2234375 0.40390625
2 0.20078125 0.27421875 0.020703125 0.040625
2 0.3359375 0.309375 0.02578125 0.03203125
2 0.41640625 0.28203125 0.015625 0.03046875
2 0.35625 0.271875 0.01640625 0.0359375
2 0.32890625 0.23828125 0.016796875 0.034375
2 0.2484375 0.2375 0.016015625 0.030859375
2 0.23984375 0.21796875 0.01484375 0.028125
2 0.3953125 0.221875 0.01015625 0.028515625
2 0.43828125 0.25859375 0.0109375 0.033203125
2 0.3609375 0.19765625 0.0078125 0.0234375