6 0.1015625 0.6078125 0.1921875 0.165625
6 0.10546875 0.8578125 0.2109375 0.284375
6 0.21171875 0.34921875 0.0515625 0.0796875
2 0.4171875 0.37421875 0.01875 0.0515625
2 0.17890625 0.35 0.01953125 0.046875
2 0.31875 0.36875 0.01875 0.053515625
2 0.32265625 0.33125 0.016796875 0.02578125
2 0.33671875 0.32734375 0.015625 0.03203125
2 0.421875 0.34140625 0.01796875 0.025
2 0.38046875 0.340625 0.013671875 0.028515625
2 0.35546875 0.403125 0.021875 0.053125
2 0.21015625 0.4203125 0.0234375 0.03203125
2 0.13125 0.434375 0.0296875 0.04296875
2 0.11796875 0.396875 0.029296875 0.028125
2 0.36484375 0.3203125 0.015625 0.031640625
2 0.38046875 0.33671875 0.0171875 0.0265625
2 0.35078125 0.303125 0.0171875 0.019140625
2 0.58046875 0.28984375 0.0203125 0.045703125
2 0.7859375 0.24296875 0.025 0.04453125