1 0.54375 0.753125 0.069140625 0.13203125
1 0.54453125 0.6421875 0.057421875 0.083984375
1 0.5375 0.56171875 0.049609375 0.076953125
1 0.53046875 0.496875 0.040625 0.050390625
2 0.21953125 0.34375 0.02578125 0.040625
2 0.1625 0.3171875 0.02578125 0.040625
2 0.19375 0.3171875 0.0203125 0.0375
2 0.2921875 0.33125 0.03125 0.040625
2 0.39453125 0.34140625 0.01953125 0.04453125
2 0.37734375 0.34296875 0.01484375 0.046875
2 0.35625 0.33359375 0.022265625 0.0390625
2 0.2921875 0.2625 0.016015625 0.028125