6 0.38515625 0.4359375 0.119921875 0.11484375
6 0.38359375 0.5984375 0.1140625 0.30859375
6 0.53125 0.5515625 0.13515625 0.29140625
2 0.625 0.534375 0.01328125 0.03046875
2 0.76875 0.5703125 0.012890625 0.018359375
2 0.76953125 0.5296875 0.0125 0.02109375
2 0.75546875 0.53828125 0.0125 0.02109375
2 0.7390625 0.53203125 0.01484375 0.019921875
2 0.69609375 0.51328125 0.01328125 0.01796875
2 0.70625 0.484375 0.01171875 0.01796875
2 0.7015625 0.45078125 0.00859375 0.01796875
2 0.7203125 0.43984375 0.009375 0.01796875
2 0.71328125 0.421875 0.0109375 0.01328125
2 0.61484375 0.4796875 0.010546875 0.021484375