6 0.53671875 0.6625 0.148828125 0.305859375
6 0.35703125 0.496875 0.12734375 0.09453125
6 0.3765625 0.6984375 0.121484375 0.28359375
2 0.62578125 0.56640625 0.01171875 0.028125
2 0.775 0.6046875 0.015625 0.02109375
2 0.77421875 0.56015625 0.013671875 0.017578125
2 0.76171875 0.571875 0.011328125 0.02421875
2 0.7421875 0.56171875 0.0125 0.01796875
2 0.6984375 0.53984375 0.0109375 0.02109375
2 0.709375 0.50859375 0.0125 0.01640625
2 0.60625 0.521875 0.0140625 0.01796875
2 0.703125 0.47734375 0.00859375 0.02109375
2 0.725 0.46015625 0.0109375 0.0234375
2 0.715625 0.44375 0.0078125 0.02109375