6 0.53671875 0.6625 0.14921875 0.30546875
6 0.35703125 0.496875 0.126953125 0.094140625
6 0.3765625 0.6984375 0.12109375 0.2828125
2 0.62578125 0.56640625 0.011328125 0.028125
2 0.775 0.6046875 0.015625 0.02109375
2 0.77421875 0.56015625 0.01328125 0.01796875
2 0.76171875 0.571875 0.011328125 0.02421875
2 0.7421875 0.56171875 0.0125 0.01796875
2 0.6984375 0.53984375 0.01015625 0.020703125
2 0.709375 0.50859375 0.0125 0.016796875
2 0.60625 0.521875 0.0140625 0.01796875
2 0.703125 0.47734375 0.00859375 0.02109375
2 0.725 0.46015625 0.01171875 0.0234375
2 0.715625 0.44375 0.00703125 0.021484375