0 0.5421875 0.7421875 0.12734375 0.28125
0 0.3765625 0.52421875 0.028125 0.057421875
0 0.378125 0.4703125 0.03046875 0.04765625
0 0.40546875 0.515625 0.028125 0.04453125
2 0.52265625 0.40703125 0.010546875 0.0359375
2 0.734375 0.3984375 0.00859375 0.025
2 0.67421875 0.38515625 0.00703125 0.03203125
2 0.6890625 0.39765625 0.0078125 0.03203125
2 0.68828125 0.34296875 0.005078125 0.033203125
2 0.67734375 0.35078125 0.0046875 0.03203125
2 0.71171875 0.36953125 0.0078125 0.025
2 0.72421875 0.37421875 0.009375 0.029296875
2 0.72109375 0.3453125 0.00703125 0.0234375
2 0.7109375 0.34453125 0.006640625 0.028125
2 0.70078125 0.303125 0.0046875 0.02890625
2 0.6796875 0.32421875 0.00546875 0.02890625
2 0.73828125 0.35078125 0.00703125 0.0265625
2 0.75390625 0.37578125 0.007421875 0.0234375