6 0.52109375 0.42734375 0.08046875 0.19609375
6 0.56875 0.55078125 0.1453125 0.33125
2 0.178125 0.321875 0.025390625 0.033984375
2 0.040625 0.2484375 0.02265625 0.0390625
2 0.19765625 0.2734375 0.0203125 0.04453125
2 0.1578125 0.2375 0.019140625 0.03828125
2 0.021875 0.2203125 0.01875 0.021484375
2 0.2796875 0.27578125 0.01640625 0.020703125
2 0.30078125 0.24296875 0.0171875 0.028125
2 0.25 0.21640625 0.01484375 0.03359375
2 0.12265625 0.1515625 0.015625 0.033984375
2 0.28359375 0.19375 0.01171875 0.0265625
2 0.31484375 0.20625 0.014453125 0.015625